--------- Ergebnis --------- Fehlende = 0

 --- Start Print Array Small --- 
11 11 11 11 12 | 13 11 14 12 12 | 15 16 17 18 12 | 19 19 19 19 12 | 20 20 20 20 21 | 
22 22 22 22 23 | 13 22 14 14 23 | 15 16 17 18 23 | 15 24 19 25 23 | 26 27 20 28 21 | 
13 29 29 29 29 | 13 16 14 29 23 | 15 16 17 18 18 | 24 24 17 25 21 | 26 27 27 28 21 | 
30 30 30 30 31 | 13 30 14 31 31 | 15 16 17 18 31 | 26 24 25 25 31 | 26 27 28 28 21 | 
32 33 33 33 33 | 32 32 34 33 35 | 32 34 34 35 35 | 32 24 34 25 35 | 26 27 34 28 35 | 
 --- End Print Array Small --- 

Runtime in sec: 60074
